# generated by PrusaSlicer 2.6.0+win64 on 2023-08-05 at 14:52:07 UTC
autoemit_temperature_commands = 0
bed_custom_model = 
bed_custom_texture = 
bed_shape = 114.562x10.0229,113.253x19.9695,111.081x29.7642,108.065x39.3323,104.225x48.6011,99.5929x57.5,94.2025x65.9613,88.0951x73.9206,81.3173x81.3173,73.9206x88.0951,65.9613x94.2025,57.5x99.5929,48.6011x104.225,39.3323x108.065,29.7642x111.081,19.9695x113.253,10.0229x114.562,7.04172e-15x115,-10.0229x114.562,-19.9695x113.253,-29.7642x111.081,-39.3323x108.065,-48.6011x104.225,-57.5x99.5929,-65.9613x94.2025,-73.9206x88.0951,-81.3173x81.3173,-88.0951x73.9206,-94.2025x65.9613,-99.5929x57.5,-104.225x48.6011,-108.065x39.3323,-111.081x29.7642,-113.253x19.9695,-114.562x10.0229,-115x1.40834e-14,-114.562x-10.0229,-113.253x-19.9695,-111.081x-29.7642,-108.065x-39.3323,-104.225x-48.6011,-99.5929x-57.5,-94.2025x-65.9613,-88.0951x-73.9206,-81.3173x-81.3173,-73.9206x-88.0951,-65.9613x-94.2025,-57.5x-99.5929,-48.6011x-104.225,-39.3323x-108.065,-29.7642x-111.081,-19.9695x-113.253,-10.0229x-114.562,-2.11252e-14x-115,10.0229x-114.562,19.9695x-113.253,29.7642x-111.081,39.3323x-108.065,48.6011x-104.225,57.5x-99.5929,65.9613x-94.2025,73.9206x-88.0951,81.3173x-81.3173,88.0951x-73.9206,94.2025x-65.9613,99.5929x-57.5,104.225x-48.6011,108.065x-39.3323,111.081x-29.7642,113.253x-19.9695,114.562x-10.0229,115x-2.81669e-14
before_layer_gcode = ;BEFORE_LAYER_CHANGE\n;[layer_z]\nG92 E0\nTIMELAPSE_TAKE_FRAME\n
between_objects_gcode = 
color_change_gcode = M600
cooling_tube_length = 5
cooling_tube_retraction = 91.5
default_filament_profile = "Generic PLA @AKOSSEL"
default_print_profile = 0.20mm QUALITY @AKOSSEL
deretract_speed = 40
end_gcode = PRINT_END
extra_loading_move = -2
extruder_colour = #FFFF00
extruder_offset = 0x0
gcode_flavor = marlin
high_current_on_filament_swap = 0
host_type = prusalink
inherits = Anycubic Kossel Linear Plus
layer_gcode = ;AFTER_LAYER_CHANGE\n;[layer_z]
machine_limits_usage = time_estimate_only
machine_max_acceleration_e = 3000
machine_max_acceleration_extruding = 1000
machine_max_acceleration_retracting = 1000
machine_max_acceleration_travel = 1500,1250
machine_max_acceleration_x = 1500
machine_max_acceleration_y = 1500
machine_max_acceleration_z = 1500
machine_max_feedrate_e = 60
machine_max_feedrate_x = 200
machine_max_feedrate_y = 200
machine_max_feedrate_z = 200
machine_max_jerk_e = 5
machine_max_jerk_x = 5
machine_max_jerk_y = 5
machine_max_jerk_z = 5
machine_min_extruding_rate = 0
machine_min_travel_rate = 0
max_layer_height = 0.3
max_print_height = 300
min_layer_height = 0.08
nozzle_diameter = 0.4
parking_pos_retraction = 92
pause_print_gcode = M601
print_host = 
printer_model = AKLP
printer_notes = Do not remove the following keywords! These keywords are used in the "compatible printer" condition of the print and filament profiles to link the particular print and filament profiles to this printer profile.\nPRINTER_VENDOR_Anycubic\nPRINTER_MODEL_AKLP\nPRINTER_HAS_BOWDEN\n
printer_settings_id = 
printer_technology = FFF
printer_variant = 0.4
printer_vendor = 
printhost_apikey = 
printhost_cafile = 
remaining_times = 0
retract_before_travel = 2
retract_before_wipe = 70%
retract_layer_change = 1
retract_length = 5
retract_length_toolchange = 1
retract_lift = 0
retract_lift_above = 0
retract_lift_below = 0
retract_restart_extra = 0
retract_restart_extra_toolchange = 0
retract_speed = 60
silent_mode = 0
single_extruder_multi_material = 0
start_gcode = print_start HOTEND=[first_layer_temperature[initial_tool]] BED=[first_layer_bed_temperature]
template_custom_gcode = 
thumbnails = 
thumbnails_format = PNG
toolchange_gcode = 
use_firmware_retraction = 0
use_relative_e_distances = 1
use_volumetric_e = 0
variable_layer_height = 1
wipe = 1
z_offset = 0
